lenMv 120 
ta_list is : 
1
2
6
7
9
10
11
12
13
14
15
16
17
32
33
37
38
40
45
47
54
55
58
59
60
61
62
63
65
68
69
71
72
74
76
78
79
80
81
82
83
84
85
86
87
88
89
90
91
92
93
95
97
98
99
101
102
103
105
108
109
114
115
118
list size: 64
tai_list is : 
0
1
3
6
7
9
10
11
12
12
14
14
16
16
32
33
37
39
43
45
49
54
55
58
59
60
60
62
63
67
68
69
71
73
75
77
78
79
80
81
82
82
84
84
86
87
88
89
90
91
92
94
95
97
98
98
101
102
103
106
108
110
114
117
list size: 64
MvAlarm_Cnt 64 
ppsAverageCnt 26 
外部放電!!!

14392_20191130230300_20191201010300.pickle

