lenMv 117 
ta_list is : 
1
2
3
4
5
6
7
9
10
11
12
13
14
15
16
17
18
19
20
21
22
23
24
25
26
27
28
29
30
31
32
33
34
35
36
37
38
39
40
41
42
43
44
45
46
47
48
49
50
51
52
53
54
56
57
58
59
60
61
62
63
64
65
66
67
68
69
70
71
72
73
74
75
76
77
78
79
80
81
82
83
84
85
87
88
89
91
92
93
94
95
96
98
100
101
102
103
106
107
108
109
110
112
114
115
list size: 105
tai_list is : 
0
1
1
1
4
5
6
7
9
10
10
12
13
14
15
15
17
17
19
19
21
22
23
24
24
26
27
28
28
30
30
32
33
34
34
36
37
37
39
40
41
41
43
43
45
46
47
47
49
50
50
52
53
54
56
57
57
59
60
60
62
62
64
65
66
67
68
69
70
71
72
72
74
75
76
77
78
79
80
81
82
83
84
86
87
87
89
91
92
93
94
95
97
99
100
101
101
105
106
107
108
108
111
111
114
list size: 105
MvAlarm_Cnt 105 
ppsAverageCnt 12 
外部放電!!!

12414_20191221190500_20191221210500.pickle

