lenMv 120 
ta_list is : 
1
2
3
4
5
7
8
9
10
11
12
13
14
15
16
17
18
19
20
21
22
23
24
25
26
27
28
29
30
31
32
33
34
35
36
37
38
39
40
41
42
43
44
45
46
47
48
49
50
51
52
53
54
55
56
57
58
59
61
63
64
66
67
68
69
70
72
73
74
75
76
77
78
80
81
82
83
84
85
86
87
88
89
90
91
94
95
96
97
98
99
100
101
102
103
104
105
106
107
108
109
110
111
112
113
114
115
116
117
118
list size: 110
tai_list is : 
0
1
2
3
4
6
6
8
9
9
11
12
12
14
15
16
17
18
19
19
21
21
23
24
25
26
27
28
29
30
31
32
33
34
35
35
35
35
39
40
41
42
43
44
45
46
47
47
49
50
50
52
53
54
55
56
56
58
58
62
63
64
66
67
67
69
70
72
72
74
74
76
77
77
80
81
81
83
84
84
86
87
87
89
90
92
92
95
96
97
98
98
100
100
102
103
104
105
106
106
108
109
109
111
111
113
114
115
115
117
list size: 110
MvAlarm_Cnt 110 
ppsAverageCnt 2 
外部放電!!!
4968_20191115220000_20191116000000.pickle
